# https://indico.cern.ch/event/1564581/contributions/6591806/attachments/3097402/5487468/GGI-course-slides.pdf
1.3362739276630813, 93.98152059775914
1.3711206680213903, 90.01678514625546
1.4685683685816031, 78.1958009882028
1.5068639665796144, 75.02321914772291
1.6093522096771478, 65.19386953209859
1.6513198082877238, 62.475586057960264
1.6775331829330922, 1.8843836357259
1.7686824567444395, 54.215713221264146
1.8148045193055997, 51.985604278217934
1.9437868317359182, 45.086195698863264
1.9944746176739172, 43.25694599590138
2.1301277945977812, 37.570274608053545
2.1856775587069617, 35.93530535250515
2.3410187385606176, 31.163773705527333
2.40206419227305, 29.925665470289896
2.56544139974948, 25.942135430218578
2.632341245710012, 24.860468111957804
2.8194270777141144, 21.57367533061436
2.8929514248093646, 20.65297507224376
3.0985626561659707, 17.876591402682507
3.1793607110663453, 17.185231176183013
3.395606107336047, 14.896542891767742
3.4841566571070075, 14.253496877394312
3.7317867190442913, 12.337396372449428
3.8290992787745624, 11.841173479735644
4.089535014778134, 10.27547120929076
4.1961840287464245, 9.819533276104211
4.618227788130942, 8.104452795696155
4.939377365051092, 7.07714656149292
5.068182644359436, 6.783551825795165
5.412898448712097, 5.876261660562514
5.5540506612832505, 5.635372553984528
5.948797735945131, 4.871741655027542
6.103925530305865, 4.670321662006549
6.519084299038964, 4.051303997805363
6.689079678098917, 3.8892103835016862
7.164497494057352, 3.362196207786479
7.3513248299581, 3.225784245786585
7.851328150190113, 2.795977271076046
8.056069285225444, 2.6797902441985904
8.628642042070114, 2.318017767899654
8.853645839056, 2.2262509645043425
9.455830128022011, 1.929622883054119
9.702412280248781, 1.849437272070776
10.391996338014245, 1.599762692828966
10.662989191146002, 1.533958060259262
11.38822906132684, 1.3317148566708827
11.685202885303614, 1.276375354649259
12.515721421916515, 1.1018035662290517
12.842083851248775, 1.0586497269995432
13.754808370835327, 0.9168317585339735
14.113491111966633, 0.8794792730166889
15.073425437012892, 0.7623523116215445
15.466499560877779, 0.7306192219406449
16.565753234071355, 0.6323556367662737
16.997743744432558, 0.6059893251861069
18.153835535229764, 0.5264014468871336
18.627229898510677, 0.5050441406112068
19.95112741076588, 0.43708695444658263
20.471405658753266, 0.4185559282142311
21.863763902038055, 0.36329203677513816
22.43390893320174, 0.3482718890141598
24.028356514718716, 0.30149776689828145
24.65496226681674, 0.288630739485132
26.331872236345507, 0.25033814871227517
27.018542757989756, 0.2397773009333662
28.93881774635618, 0.20786329454353608
29.52439393181639, 0.19605950542980108
