# https://indico.cern.ch/event/1564581/contributions/6591806/attachments/3097402/5487468/GGI-course-slides.pdf
1.0219171151559123, 0.000003923606331549217
1.0569735669939735, 0.000004420682670963878
1.0898761981946232, 0.0000050293374782200796
1.1186406778434494, 0.000005694469819044789
1.1464010701154392, 0.000006470348138554392
1.174849626422919, 0.000007363062771407795
1.2040030068040395, 0.000008397965943094799
1.2338803729306655, 0.000009567991609222558
1.2644964050460876, 0.000010957672691790368
1.2958735116020206, 0.000012516716946321057
1.3280292070190156, 0.000014297580108566175
1.3609853931125429, 0.00001625792599203136
1.3947616203335955, 0.00001841732249825866
1.431568692855534, 0.00002099535707996386
1.4716036409818558, 0.000023982550779576886
1.5127586231960795, 0.00002737635990713191
1.5574546270945813, 0.000031223150252664114
1.6059304168768342, 0.00003586016064293392
1.6559196236116, 0.0000409127938078198
1.7074666159224872, 0.00004656457479838604
1.7633226809952123, 0.00005306123414791248
1.823802264927944, 0.000060610721576806855
1.8863588195003351, 0.00006900637206268263
1.9510628632262812, 0.00007839241172701459
2.0179914266097194, 0.00008851825643952654
2.087219243302078, 0.00009956818309711491
2.158819955804336, 0.00011224402309256454
2.232884073167699, 0.00012556357682561503
2.3094891590199187, 0.00014046370925461363
2.388725683924183, 0.00015661459097391516
2.470683584473552, 0.000174143259824456
2.555455365831978, 0.00019329347349019132
2.643136729653351, 0.00021436098631636026
2.733829836722556, 0.00023704615690970973
2.827638118595847, 0.0002614125612791943
2.9246639805764136, 0.000288600740591498
3.025024694210578, 0.00031721857395874915
3.128829315557919, 0.0003486741699213319
3.2361975117032147, 0.00038282781747082847
3.347255518535885, 0.00041871267254365576
3.4621199747881484, 0.0004594741566439656
3.580936002447448, 0.0005008888229601953
3.703827957869062, 0.0005466370294664833
3.830937367246019, 0.0005965636051090061
3.962413522713198, 0.0006492632523155249
4.09840188441069, 0.0007066183173046682
4.239059258951096, 0.000768195049550283
4.3845470269628, 0.0008337616856888512
4.535029089719565, 0.000904427243601435
4.690676926835232, 0.0009805429245126438
4.851666791249842, 0.0010630644240472618
5.018190105729576, 0.0011481046206896256
5.190425403950036, 0.0012419940871394594
5.368578368313469, 0.0013398739794183365
5.5528512529387495, 0.0014422929050349773
5.74344654037923, 0.001554248427179398
5.940590624108206, 0.001670297255072496
6.1445087530051445, 0.0017900842014330776
6.355432470056965, 0.0019142481721453795
6.573596605538199, 0.0020470244146216033
6.799257520323713, 0.00218300215931749
7.032666625693512, 0.002326733165649915
7.2740933609502925, 0.002475841352067457
7.523813304781881, 0.002630164193950586
7.782106145227915, 0.0027941062061036565
8.04927174314696, 0.0029633761115366924
8.325613167441203, 0.0031394472177029282
8.611437773070111, 0.003329638246408899
8.907083146844387, 0.003523595172233184
9.212882768613543, 0.0037247532317127496
9.52917896811525, 0.003939560122280839
9.85633649838403, 0.004164465149863464
10.194726061335764, 0.004402209750865931
10.544740551676997, 0.004645859242076453
10.906772053825295, 0.004902994023158839
11.28122795823994, 0.005180052191283613
11.668550573934517, 0.005460746250539879
12.06916850636769, 0.005759815666224807
12.483540908712978, 0.0060752642563475425
12.91215189197596, 0.006393914887279906
13.355469628622949, 0.00674038512695617
13.814011135425735, 0.007101724894943459
14.288309170965045, 0.007466001397456225
14.778885225284572, 0.007857596882929275
15.286308275859703, 0.008265187199353475
15.811156990314219, 0.008689142439824361
16.35402991673088, 0.00912982411710599
16.915550056636405, 0.009582315149616315
17.496358594970495, 0.010045629601056925
18.097083843633726, 0.010567298702082516
18.718473744311243, 0.01106059229586956
19.36119997806874, 0.011576913399007054
20.025981343866597, 0.012137335816119968
20.71361229406614, 0.012689961754592737
21.424864241553067, 0.013253171039088393
22.160533647953237, 0.013848987399196001
22.92147967953227, 0.014447744549435095
23.708565898335063, 0.015055827595762102
24.52269065215895, 0.01567226463315756
25.364789007553583, 0.016287060006513775
26.235804648176686, 0.01692597272091465
27.13675554188677, 0.01755131520797897
28.068664911846433, 0.018169773436571217
29.032590541627506, 0.01878935633245412
29.57223034273408, 0.019164879833295997
